id	label	x	y	cluster	weight<Links>	weight<Total link strength>	weight<Documents>	weight<Citations>	weight<Norm. citations>	score<Avg. pub. year>	score<Avg. citations>	score<Avg. norm. citations>
1	"afzal, farkhanda"	-0.4308	-0.283	12	4	4	1	3	0.1395	2022	3	0.1395
2	"alanazi, eisa"	-0.1785	0.0938	8	5	5	1	29	1.7313	2021	29	1.7313
3	"alasmary, waleed"	-0.1282	0.0718	8	5	5	1	29	1.7313	2021	29	1.7313
4	"alduailij, mai"	-0.1794	0.992	15	3	3	1	5	0.7407	2023	5	0.7407
5	"anedda, matteo"	-0.1407	-0.4844	2	4	4	1	5	0.7407	2023	5	0.7407
6	"asghar, ikram"	-0.4807	-0.2918	12	4	4	1	3	0.1395	2022	3	0.1395
7	"bati, ghassan f."	0.9837	0.6184	25	1	1	1	1	0.0597	2021	1	0.0597
8	"ben ayed, mounir"	0.6069	0.7099	19	2	2	1	13	0.6047	2022	13	0.6047
9	"cai, chenpeng"	-0.0981	0.4911	10	5	5	1	11	2.75	2024	11	2.75
10	"cascone, lucia"	0.249	0.8916	11	5	5	1	16	2.3704	2023	16	2.3704
11	"ceccarini, chiara"	-0.0616	-0.2648	2	3	3	1	32	1.4884	2022	32	1.4884
12	"chelloug, samia allaoua"	-0.2147	0.9606	15	3	3	1	5	0.7407	2023	5	0.7407
13	"chen, honglong"	-0.8038	-0.0155	1	6	6	1	31	1.0333	2020	31	1.0333
14	"chen, jing"	-0.8432	-0.0634	1	6	6	1	31	1.0333	2020	31	1.0333
15	"chilamkurti, naveen"	0.4747	-1.0714	23	1	1	1	478	1.695	2018	478	1.695
16	"dahou, abdelghani"	-0.1828	0.9245	15	3	3	1	5	0.7407	2023	5	0.7407
17	"dai, tao"	0.2628	0.4267	3	7	7	1	5	0.2326	2022	5	0.2326
18	"de albuquerque, victorhugo c."	0.3716	-0.3657	5	6	6	1	86	0.305	2018	86	0.305
19	"delnevo, giovanni"	-0.0419	-0.3102	2	3	3	1	32	1.4884	2022	32	1.4884
20	"diro, abebe abeshu"	0.4569	-1.0911	23	1	1	1	478	1.695	2018	478	1.695
21	"duong, trung q."	0.793	0.3789	13	4	4	1	12	0.4	2020	12	0.4
22	"elaziz, mohamed abd"	-0.1472	0.9567	15	3	3	1	5	0.7407	2023	5	0.7407
23	"fadda, mauro"	-0.0722	-0.4475	2	4	4	1	5	0.7407	2023	5	0.7407
24	"fan, hongchao"	-0.5153	-0.8121	7	6	6	1	21	0.9767	2022	21	0.9767
25	"feng, xi"	0.2808	0.3179	3	7	7	1	5	0.2326	2022	5	0.2326
26	"gan, chenquan"	0.8014	-0.435	14	4	4	1	5	0.2326	2022	5	0.2326
27	"gao, xinbo"	-0.5354	0.3287	6	6	6	1	60	2.7907	2022	60	2.7907
28	"ghazzai, hakim"	1.0259	-0.0394	16	3	3	1	2	0.093	2022	2	0.093
29	"girau, roberto"	-0.0866	-0.3736	2	7	7	2	37	2.2291	2022.5	18.5	1.1146
30	"giusto, daniele"	-0.0865	-0.4967	2	4	4	1	5	0.7407	2023	5	0.7407
31	"guo, jun"	-0.569	0.8336	17	3	3	1	4	0.2388	2021	4	0.2388
32	"guo, lei"	-0.5148	0.4362	6	6	6	1	60	2.7907	2022	60	2.7907
33	"guo, zhiwei"	0.152	-0.8047	4	4	4	1	90	4.186	2022	90	4.186
34	"gupta, deepak"	0.3116	-0.3864	5	6	6	1	86	0.305	2018	86	0.305
35	"hamrouni, aymen"	0.9794	-0.0512	16	3	3	1	2	0.093	2022	2	0.093
36	"hu, xuke"	-0.4825	-0.7059	7	6	6	1	21	0.9767	2022	21	0.9767
37	"humayun, mohammad ali"	-0.2077	0.1416	8	5	5	1	29	1.7313	2021	29	1.7313
38	"jemal, hanen"	0.6067	0.7517	19	2	2	1	13	0.6047	2022	13	0.6047
39	"jiang, nan"	-0.881	0.0208	1	9	10	2	78	2.6	2020	39	1.3
40	"jing, peiguang"	0.5704	-0.035	9	5	5	1	0	0	2024	0	0
41	"jung, ho-youl"	-0.0315	-0.867	4	3	3	1	3	0.1395	2022	3	0.1395
42	"kersten, jens"	-0.5293	-0.7498	7	6	6	1	21	0.9767	2022	21	0.9767
43	"khan, izhar ahmed"	-0.8648	0.5342	20	2	2	1	1	0.1481	2023	1	0.1481
44	"khan, muhammad khurram"	-0.2339	0.0815	8	5	5	1	29	1.7313	2021	29	1.7313
45	"khanfor, abdullah"	1.0148	0.0067	16	3	3	1	2	0.093	2022	2	0.093
46	"khanna, ashish"	0.3486	-0.4904	5	6	6	1	86	0.305	2018	86	0.305
47	"klan, friederike"	-0.4218	-0.7257	7	6	6	1	21	0.9767	2022	21	0.9767
48	"krinkin, kirill"	-0.7868	-0.5191	21	2	2	1	3	0.1395	2022	3	0.1395
49	"lakshmanaprabu, s. k."	0.3005	-0.4491	5	6	6	1	86	0.305	2018	86	0.305
50	"li, bentian"	-0.9058	0.5251	20	2	2	1	1	0.1481	2023	1	0.1481
51	"li, jin"	-0.9385	0.0804	1	4	4	1	47	1.5667	2020	47	1.5667
52	"li, shengtao"	-0.473	0.3166	6	6	6	1	60	2.7907	2022	60	2.7907
53	"li, yu"	0.1221	-0.8777	4	4	4	1	90	4.186	2022	90	4.186
54	"li, yuangang"	-0.5241	0.7822	17	3	3	1	4	0.2388	2021	4	0.2388
55	"li, yun"	0.6265	-0.0336	9	5	5	1	0	0	2024	0	0
56	"li, zhenwei"	-0.1449	0.5365	10	5	5	1	11	2.75	2024	11	2.75
57	"lin, jerry chun-wei"	0.1017	-0.8192	4	4	4	1	90	4.186	2022	90	4.186
58	"lin, yunxia"	-0.8926	0.5645	20	2	2	1	1	0.1481	2023	1	0.1481
59	"liu, hao"	0.635	-0.7597	22	2	2	1	1	0.25	2024	1	0.25
60	"liu, xianyi"	0.5238	-0.0037	9	5	5	1	0	0	2024	0	0
61	"liu, yu"	0.5883	-0.0883	9	5	5	1	0	0	2024	0	0
62	"magdich, rim"	0.6432	0.7316	19	2	2	1	13	0.6047	2022	13	0.6047
63	"maqbool, ayesha"	-0.4229	-0.2334	12	4	4	1	3	0.1395	2022	3	0.1395
64	"marche, claudio"	-1.0806	-0.4554	24	1	1	1	33	1.9701	2021	33	1.9701
65	"massoud, yehia"	0.9681	-0.0048	16	3	3	1	2	0.093	2022	2	0.093
66	"mekala, m. s."	-0.0149	-0.9223	4	3	3	1	3	0.1395	2022	3	0.1395
67	"mirjalili, seyedali"	0.1986	0.9161	11	5	5	1	16	2.3704	2023	16	2.3704
68	"mirza, alina"	-0.5027	-0.2471	12	4	4	1	3	0.1395	2022	3	0.1395
69	"mohana, s. d."	-0.7481	-0.5026	21	2	2	1	3	0.1395	2022	3	0.1395
70	"mu, jie"	-0.5212	0.8302	17	3	3	1	4	0.2388	2021	4	0.2388
71	"nguyen, long d."	0.7505	0.3102	13	4	4	1	12	0.4	2020	12	0.4
72	"nie, laisen"	-0.4318	0.3646	6	6	6	1	60	2.7907	2022	60	2.7907
73	"nitti, michele"	-1.0892	-0.4309	24	1	1	1	33	1.9701	2021	33	1.9701
74	"park, ju h."	-0.0622	-0.9062	4	3	3	1	3	0.1395	2022	3	0.1395
75	"pau, giovanni"	-0.1333	-0.4331	2	4	4	1	5	0.7407	2023	5	0.7407
76	"pinheiro, placido r."	0.3604	-0.4282	5	6	6	1	86	0.305	2018	86	0.305
77	"prakash, s. p. shiva"	-0.7821	-0.478	21	2	2	1	3	0.1395	2022	3	0.1395
78	"prandi, catia"	-0.0989	-0.2975	2	3	3	1	32	1.4884	2022	32	1.4884
79	"rahim, adina"	-0.4673	-0.2105	12	4	4	1	3	0.1395	2022	3	0.1395
80	"rodrigues, joel j. p. c."	0.409	-0.4693	5	6	6	1	86	0.305	2018	86	0.305
81	"sadiq, saima"	0.2763	0.843	11	5	5	1	16	2.3704	2023	16	2.3704
82	"shankar, k."	0.42	-0.4068	5	6	6	1	86	0.305	2018	86	0.305
83	"shen, shigen"	-0.0902	0.547	10	5	5	1	11	2.75	2024	11	2.75
84	"shen, yizhou"	-0.0518	0.5872	10	5	5	1	11	2.75	2024	11	2.75
85	"shuja, junaid"	-0.1851	0.0385	8	5	5	1	29	1.7313	2021	29	1.7313
86	"siddiqui, hafeez ur rehman"	0.3047	0.9025	11	5	5	1	16	2.3704	2023	16	2.3704
87	"singh, vivek k."	0.9728	0.6429	25	1	1	1	1	0.0597	2021	1	0.0597
88	"sinky, hassan"	-0.1422	0.1363	8	5	5	1	29	1.7313	2021	29	1.7313
89	"srivastava, gautam"	0.046	-0.8711	4	7	7	2	93	4.3256	2022	46.5	2.1628
90	"su, yuting"	0.5853	0.0185	9	5	5	1	0	0	2024	0	0
91	"sun, yanjing"	0.8265	0.3406	13	4	4	1	12	0.4	2020	12	0.4
92	"sun, yeran"	-0.4684	-0.7682	7	6	6	1	21	0.9767	2022	21	0.9767
93	"tian, fang"	-0.943	0.1367	1	4	4	1	47	1.5667	2020	47	1.5667
94	"ullah, saleem"	0.257	0.9479	11	5	5	1	16	2.3704	2023	16	2.3704
95	"umer, muhammad"	0.2107	0.8509	11	5	5	1	16	2.3704	2023	16	2.3704
96	"wan, tao"	-0.7808	-0.0822	1	6	6	1	31	1.0333	2020	31	1.0333
97	"wang, bowen"	0.7989	0.2979	13	4	4	1	12	0.4	2020	12	0.4
98	"wang, guoyin"	-0.4522	0.4249	6	6	6	1	60	2.7907	2022	60	2.7907
99	"wang, xiaojie"	-0.5561	0.3885	6	6	6	1	60	2.7907	2022	60	2.7907
100	"wang, xiaokang"	0.8833	-0.4351	14	4	4	1	5	0.2326	2022	5	0.2326
101	"wiegmann, matti"	-0.4543	-0.8302	7	6	6	1	21	0.9767	2022	21	0.9767
102	"wu, bin"	0.1432	-0.0261	18	3	3	1	21	0.9767	2022	21	0.9767
103	"wu, changxing"	-0.7348	-0.0376	1	6	6	1	31	1.0333	2020	31	1.0333
104	"wu, guowen"	-0.0404	0.5224	10	5	5	1	11	2.75	2024	11	2.75
105	"wu, yixuan"	-0.4935	0.3769	6	6	6	1	60	2.7907	2022	60	2.7907
106	"yan, yutian"	0.3832	0.3606	3	7	7	1	5	0.2326	2022	5	0.2326
107	"yang, bo"	0.6027	-0.7342	22	2	2	1	1	0.25	2024	1	0.25
108	"yang, laurence t."	0.8174	-0.3868	14	4	4	1	5	0.2326	2022	5	0.2326
109	"yao, lina"	0.1635	0.0174	18	3	3	1	21	0.9767	2022	21	0.9767
110	"ye, yangdong"	0.2067	-0.0036	18	3	3	1	21	0.9767	2022	21	0.9767
111	"yi, yinxue"	0.8679	-0.3874	14	4	4	1	5	0.2326	2022	5	0.2326
112	"yu, keping"	0.1702	-0.8578	4	4	4	1	90	4.186	2022	90	4.186
113	"yu, shui"	-0.117	0.5959	10	5	5	1	11	2.75	2024	11	2.75
114	"yu, zhiwen"	0.5959	-0.7751	22	2	2	1	1	0.25	2024	1	0.25
115	"yuan, xu"	-0.8866	0.1288	1	4	4	1	47	1.5667	2020	47	1.5667
116	"zhang, hongfei"	0.3156	0.3803	3	7	7	1	5	0.2326	2022	5	0.2326
117	"zhang, kai"	0.5255	-0.0686	9	5	5	1	0	0	2024	0	0
118	"zhang, kaiqi"	0.2454	0.3675	3	7	7	1	5	0.2326	2022	5	0.2326
119	"zhang, li"	0.3194	0.4507	3	7	7	1	5	0.2326	2022	5	0.2326
120	"zhang, liwen"	0.3419	0.3145	3	7	7	1	5	0.2326	2022	5	0.2326
121	"zhang, xianchao"	-0.5717	0.7853	17	3	3	1	4	0.2388	2021	4	0.2388
122	"zhang, zufan"	0.842	-0.4647	14	4	4	1	5	0.2326	2022	5	0.2326
123	"zhao, nan"	0.7468	0.3605	13	4	4	1	12	0.4	2020	12	0.4
124	"zheng, jiaqi"	-0.8323	0.0661	1	9	10	2	78	2.6	2020	39	1.3
125	"zhong, lihong"	0.1866	-0.0466	18	3	3	1	21	0.9767	2022	21	0.9767
126	"zhou, ri-gui"	-0.7537	0.0231	1	6	6	1	31	1.0333	2020	31	1.0333
127	"zhou, zhiyong"	-0.4078	-0.7875	7	6	6	1	21	0.9767	2022	21	0.9767
128	"zhu, li"	0.3735	0.4212	3	7	7	1	5	0.2326	2022	5	0.2326
